   1.0000000e+00   1.0000000e+00   2.0611536e-09
   1.0000000e+00   2.0000000e+00   3.7266532e-06
   1.0000000e+00   3.0000000e+00   4.5399930e-05
   1.0000000e+00   4.0000000e+00   3.7266532e-06
   2.0000000e+00   1.0000000e+00   3.7266532e-06
   2.0000000e+00   2.0000000e+00   6.7379470e-03
   2.0000000e+00   3.0000000e+00   8.2084999e-02
   2.0000000e+00   4.0000000e+00   6.7379470e-03
   3.0000000e+00   1.0000000e+00   4.5399930e-05
   3.0000000e+00   2.0000000e+00   8.2084999e-02
   3.0000000e+00   3.0000000e+00   1.0000000e+00
   3.0000000e+00   4.0000000e+00   8.2084999e-02
   4.0000000e+00   1.0000000e+00   3.7266532e-06
   4.0000000e+00   2.0000000e+00   6.7379470e-03
   4.0000000e+00   3.0000000e+00   8.2084999e-02
   4.0000000e+00   4.0000000e+00   6.7379470e-03
