   1.0000000e+00   1.0000000e+00   1.3817733e+00
   1.0000000e+00   2.0000000e+00   4.2532415e-01
   1.0000000e+00   3.0000000e+00  -1.4852151e-01
   1.0000000e+00   4.0000000e+00   1.8782736e-01
   2.0000000e+00   1.0000000e+00   1.4495997e+00
   2.0000000e+00   2.0000000e+00   4.9315059e-01
   2.0000000e+00   3.0000000e+00  -8.0695070e-02
   2.0000000e+00   4.0000000e+00   2.5565381e-01
   3.0000000e+00   1.0000000e+00   6.8142231e-01
   3.0000000e+00   2.0000000e+00  -2.7502683e-01
   3.0000000e+00   3.0000000e+00  -8.4887249e-01
   3.0000000e+00   4.0000000e+00  -5.1252361e-01
   4.0000000e+00   1.0000000e+00  -2.1650019e-01
   4.0000000e+00   2.0000000e+00  -1.1729493e+00
   4.0000000e+00   3.0000000e+00  -1.7467950e+00
   4.0000000e+00   4.0000000e+00  -1.4104461e+00
