   5.0000000e+00   5.0000000e+00   3.6787944e-01
   5.0000000e+00   6.0000000e+00   2.2313016e-01
   5.0000000e+00   7.0000000e+00   1.3533528e-01
   5.0000000e+00   8.0000000e+00   8.2084999e-02
   6.0000000e+00   5.0000000e+00   2.2313016e-01
   6.0000000e+00   6.0000000e+00   1.3533528e-01
   6.0000000e+00   7.0000000e+00   8.2084999e-02
   6.0000000e+00   8.0000000e+00   4.9787068e-02
   7.0000000e+00   5.0000000e+00   1.3533528e-01
   7.0000000e+00   6.0000000e+00   8.2084999e-02
   7.0000000e+00   7.0000000e+00   4.9787068e-02
   7.0000000e+00   8.0000000e+00   3.0197383e-02
   8.0000000e+00   5.0000000e+00   8.2084999e-02
   8.0000000e+00   6.0000000e+00   4.9787068e-02
   8.0000000e+00   7.0000000e+00   3.0197383e-02
   8.0000000e+00   8.0000000e+00   1.8315639e-02
